812.302
703.599
704.345
677.427
729.623
729.918
703.574
703.553
729.892
729.584
729.579
729.602
729.662
729.552
703.478
729.588
703.522
729.526
729.589
703.534
677.921
704.758
704.702
678.675
704.789
678.75
678.695
678.74
678.699
704.749
678.721
704.806
730.949
704.703
704.732
704.729
704.746
678.72
704.695
756.762
613.18
613.524
612.943
612.953
612.95
599.911
612.941
612.918
612.864
612.819
612.847
612.853
612.84
612.897
599.844
599.82
612.807
612.819
613.336
612.801
574.59
586.773
573.731
561.449
573.733
573.745
573.749
561.481
573.768
561.906
573.704
561.435
587.972
561.489
575.118
561.491
573.77
573.729
573.751
561.398
561.797
561.456
561.446
561.474
561.494
561.508
561.513
561.568
561.483
562.16
561.947
561.44
561.451
566.273
579.987
588.081
581.897
569.874
584.861
603.968
601.457
562.982
563.715
563.859
563.733
563.726
563.714
563.681
563.684
563.68
563.676
563.712
563.706
563.683
563.679
564.439
563.698
563.692
563.667
564.434
