729.178
624.915
641.759
625.469
624.906
624.927
624.919
624.913
624.891
624.892
625.424
624.898
624.899
624.896
624.894
624.885
624.876
624.875
624.874
624.873
573.448
572.955
572.891
572.913
572.933
572.91
572.891
572.888
572.932
572.916
572.905
572.901
572.901
573.408
574.972
574.901
574.864
574.878
574.866
574.867
574.843
574.846
573.915
574.789
573.918
574.845
574.814
573.962
573.946
573.91
574.828
574.809
574.811
573.848
574.828
573.847
573.819
573.832
573.821
573.81
561.761
561.719
561.706
561.698
563.44
561.695
561.68
561.747
562.494
561.704
561.707
562.471
562.473
561.656
561.663
562.388
561.636
561.619
561.673
561.697
560.886
560.832
561.599
562.414
560.791
560.756
562.38
561.614
561.622
560.708
562.415
560.739
561.354
561.608
560.839
560.818
561.57
560.773
561.548
562.303
558.456
558.362
558.374
559.128
558.374
558.412
558.446
559.161
559.018
558.398
558.372
559.059
558.319
558.358
558.313
558.357
558.307
558.319
558.263
558.315
557.61
557.625
557.645
557.59
560.601
560.51
560.503
560.579
560.502
560.608
560.595
560.605
561.305
560.609
560.608
560.583
561.311
560.593
560.583
560.604
560.023
560.718
560.691
560.692
560.673
560.766
560.679
561.553
559.953
559.915
560.681
562.333
559.939
561.577
560.66
560.696
560.758
560.711
560.787
560.695
560.366
560.339
560.299
560.362
561.081
560.301
560.366
560.365
561.103
560.292
560.281
561.115
561.032
560.302
560.38
560.27
560.248
560.328
560.3
560.329
692.285
568.665
569.257
580.94
576.074
574.875
595.117
585.398
577.645
590.806
581.776
575.964
587.773
584.326
591.77
562.862
579.211
568.204
596.887
563.133
599.458
566.357
580.662
601.467
572.104
595.314
596.016
572.708
561.814
562.732
561.816
561.877
563.144
561.938
561.698
561.848
561.767
561.676
561.758
562.809
565.107
565.182
565.146
566.494
565.195
565.118
565.533
565.137
565.148
565.271
565.06
565.094
565.096
565.027
565.108
565.148
566.62
565.018
565.188
565.541
573.624
572.16
572.181
572.614
572.098
572.161
572.162
572.018
572.217
572.227
572.049
572.123
572.208
572.049
572.198
572.091
572.042
572.059
572.081
573.107
